-2.347,-2.347,-2.347,-2.347,-2.347,10.695,10.844,15.86,-2.368,-2.368,-2.368,-2.368,-2.368,10.951,10.951,18.187
-2.347,-2.347,-2.347,-2.347,-2.347,10.737,10.908,15.882,-2.368,-2.368,-2.368,-2.368,-2.368,10.994,11.015,18.229
-2.347,-2.347,-2.347,-2.347,-2.347,10.737,10.908,15.903,-2.368,-2.368,-2.368,-2.368,-2.368,11.015,11.015,18.251
-2.347,-2.347,-2.347,-2.347,-2.347,10.737,10.887,15.882,-2.368,-2.368,-2.368,-2.368,-2.368,10.994,11.015,18.229
-2.347,-2.347,-2.347,-2.347,-2.347,10.737,10.908,15.882,-2.368,-2.368,-2.368,-2.368,-2.368,10.994,11.015,18.229
-2.347,-2.347,-2.347,-2.347,-2.347,10.737,10.908,15.903,-2.368,-2.368,-2.368,-2.368,-2.368,10.994,11.015,18.229
-2.347,-2.347,-2.347,-2.347,-2.347,10.716,10.908,15.903,-2.368,-2.368,-2.368,-2.368,-2.368,10.994,11.015,18.251
-2.347,-2.347,-2.347,-2.347,-2.347,10.716,10.887,15.924,-2.368,-2.368,-2.368,-2.368,-2.368,10.994,11.015,18.229
-2.347,-2.347,-2.347,-2.347,-2.347,10.695,10.866,15.903,-2.368,-2.368,-2.368,-2.368,-2.368,10.972,10.972,18.208
-2.347,-2.347,-2.347,-2.347,-2.347,10.716,10.887,15.903,-2.368,-2.368,-2.368,-2.368,-2.368,10.994,11.015,18.251
-2.347,-2.347,-2.347,-2.347,-2.347,10.716,10.887,15.924,-2.368,-2.368,-2.368,-2.368,-2.368,10.994,11.015,18.251
-2.347,-2.347,-2.347,-2.347,-2.347,10.737,10.887,15.903,-2.368,-2.368,-2.368,-2.368,-2.368,10.994,11.015,18.251
-2.347,-2.347,-2.347,-2.347,-2.347,10.737,10.887,15.924,-2.368,-2.368,-2.368,-2.368,-2.368,11.015,11.015,18.251
-2.347,-2.347,-2.347,-2.347,-2.347,10.695,10.866,15.903,-2.368,-2.368,-2.368,-2.368,-2.368,10.972,10.972,18.208
-2.347,-2.347,-2.347,-2.347,-2.347,10.695,10.866,15.882,-2.368,-2.368,-2.368,-2.368,-2.368,10.972,10.972,18.208
-2.347,-2.347,-2.347,-2.347,-2.347,10.737,10.887,15.924,-2.368,-2.368,-2.368,-2.368,-2.368,10.994,11.015,18.251
-2.347,-2.347,-2.347,-2.347,-2.347,10.737,10.908,15.946,-2.368,-2.368,-2.368,-2.368,-2.368,11.015,11.015,18.251
-2.347,-2.347,-2.347,-2.347,-2.347,10.737,10.908,15.946,-2.368,-2.368,-2.368,-2.368,-2.368,11.015,11.015,18.272
-2.347,-2.347,-2.347,-2.347,-2.347,10.737,10.887,15.946,-2.368,-2.368,-2.368,-2.368,-2.368,11.015,11.015,18.251
-2.347,-2.347,-2.347,-2.347,-2.347,10.716,10.866,15.924,-2.368,-2.368,-2.368,-2.368,-2.368,10.994,10.994,18.229
-2.347,-2.347,-2.347,-2.347,-2.347,10.695,10.866,15.903,-2.368,-2.368,-2.368,-2.368,-2.368,10.972,10.972,18.208
-2.347,-2.347,-2.347,-2.347,-2.347,10.737,10.908,15.946,-2.368,-2.368,-2.368,-2.368,-2.368,11.015,11.015,18.272
-2.347,-2.347,-2.347,-2.347,-2.347,10.737,10.908,15.967,-2.368,-2.368,-2.368,-2.368,-2.368,11.015,11.015,18.251
-2.347,-2.347,-2.347,-2.347,-2.347,10.737,10.908,15.967,-2.368,-2.368,-2.368,-2.368,-2.368,11.015,11.015,18.272
-2.347,-2.347,-2.347,-2.347,-2.347,10.716,10.887,15.924,-2.368,-2.368,-2.368,-2.368,-2.368,10.994,10.994,18.229
-2.347,-2.347,-2.347,-2.347,-2.347,10.716,10.887,15.946,-2.368,-2.368,-2.368,-2.368,-2.368,11.015,11.015,18.229
-2.347,-2.347,-2.347,-2.347,-2.347,10.737,10.908,15.967,-2.368,-2.368,-2.368,-2.368,-2.368,10.994,11.015,18.208
-2.347,-2.347,-2.347,-2.347,-2.347,10.737,10.887,15.967,-2.368,-2.368,-2.368,-2.368,-2.368,11.015,11.015,18.251
-2.347,-2.347,-2.347,-2.347,-2.347,10.737,10.887,15.967,-2.368,-2.368,-2.368,-2.368,-2.368,11.015,11.015,18.272
-2.347,-2.347,-2.347,-2.347,-2.347,10.737,10.908,15.967,-2.368,-2.368,-2.368,-2.368,-2.368,11.015,11.015,18.251
-2.347,-2.347,-2.347,-2.347,-2.347,10.716,10.887,15.946,-2.368,-2.368,-2.368,-2.368,-2.368,10.994,10.994,18.251
-2.347,-2.347,-2.347,-2.347,-2.347,10.737,10.908,15.988,-2.368,-2.368,-2.368,-2.368,-2.368,11.015,11.015,18.272
-2.347,-2.347,-2.347,-2.347,-2.347,10.737,10.908,15.967,-2.368,-2.368,-2.368,-2.368,-2.368,11.015,11.015,18.272
-2.347,-2.347,-2.347,-2.347,-2.347,10.737,10.908,15.967,-2.368,-2.368,-2.368,-2.368,-2.368,10.994,11.015,18.251
-2.347,-2.347,-2.347,-2.347,-2.347,10.759,10.908,15.967,-2.368,-2.368,-2.368,-2.368,-2.368,11.015,11.015,18.251
-2.347,-2.347,-2.347,-2.347,-2.347,10.737,10.908,15.967,-2.368,-2.368,-2.368,-2.368,-2.368,11.015,11.015,18.272
-2.347,-2.347,-2.347,-2.347,-2.347,10.759,10.908,15.967,-2.368,-2.368,-2.368,-2.368,-2.368,11.015,11.015,18.272
-2.347,-2.347,-2.347,-2.347,-2.347,10.737,10.908,15.967,-2.368,-2.368,-2.368,-2.368,-2.368,11.015,11.015,18.272
-2.347,-2.347,-2.347,-2.347,-2.347,10.759,10.908,15.967,-2.368,-2.368,-2.368,-2.368,-2.368,11.015,11.036,18.272
-2.347,-2.347,-2.347,-2.347,-2.347,10.759,10.908,15.967,-2.368,-2.368,-2.368,-2.368,-2.368,11.015,11.015,18.251
-2.347,-2.347,-2.347,-2.347,-2.347,10.737,10.887,15.946,-2.368,-2.368,-2.368,-2.368,-2.368,11.015,11.015,18.251
-2.347,-2.347,-2.347,-2.347,-2.347,10.695,10.866,15.924,-2.368,-2.368,-2.368,-2.368,-2.368,10.972,10.972,18.208
-2.347,-2.347,-2.347,-2.347,-2.347,10.759,10.908,15.967,-2.368,-2.368,-2.368,-2.368,-2.368,11.015,11.036,18.272
-2.347,-2.347,-2.347,-2.347,-2.347,10.759,10.908,15.967,-2.368,-2.368,-2.368,-2.368,-2.368,11.015,11.015,18.272
-2.347,-2.347,-2.347,-2.347,-2.347,10.759,10.908,15.988,-2.368,-2.368,-2.368,-2.368,-2.368,11.015,11.036,18.293
-2.347,-2.347,-2.347,-2.347,-2.347,10.737,10.887,15.967,-2.368,-2.368,-2.368,-2.368,-2.368,11.015,11.015,18.251
-2.347,-2.347,-2.347,-2.347,-2.347,10.716,10.887,15.946,-2.368,-2.368,-2.368,-2.368,-2.368,10.994,10.994,18.251
-2.347,-2.347,-2.347,-2.347,-2.347,10.737,10.908,15.946,-2.368,-2.368,-2.368,-2.368,-2.368,10.994,10.994,18.251
-2.347,-2.347,-2.347,-2.347,-2.347,10.631,10.78,15.796,-2.368,-2.368,-2.368,-2.368,-2.368,10.908,10.908,18.101
-2.347,-2.347,-2.347,-2.347,-2.347,10.652,10.801,15.818,-2.368,-2.368,-2.368,-2.368,-2.368,10.908,10.908,18.123
-2.347,-2.347,-2.347,-2.347,-2.347,10.652,10.801,15.86,-2.368,-2.368,-2.368,-2.368,-2.368,10.908,10.908,18.144
-2.347,-2.347,-2.347,-2.347,-2.347,10.716,10.866,15.946,-2.368,-2.368,-2.368,-2.368,-2.368,10.972,10.994,18.229
-2.347,-2.347,-2.347,-2.347,-2.347,10.737,10.908,15.946,-2.368,-2.368,-2.368,-2.368,-2.368,11.015,11.015,18.272
-2.347,-2.347,-2.347,-2.347,-2.347,10.759,10.908,15.967,-2.368,-2.368,-2.368,-2.368,-2.368,11.015,11.015,18.251
-2.347,-2.347,-2.347,-2.347,-2.347,10.737,10.887,15.903,-2.368,-2.368,-2.368,-2.368,-2.368,10.994,10.994,18.208
-2.347,-2.347,-2.347,-2.347,-2.347,10.631,10.801,15.753,-2.368,-2.368,-2.368,-2.368,-2.368,10.908,10.908,18.037
-2.347,-2.347,-2.347,-2.347,-2.347,10.652,10.801,15.796,-2.368,-2.368,-2.368,-2.368,-2.368,10.908,10.908,18.101
-2.347,-2.347,-2.347,-2.347,-2.347,10.695,10.844,15.86,-2.368,-2.368,-2.368,-2.368,-2.368,10.951,10.951,18.165
-2.347,-2.347,-2.347,-2.347,-2.347,10.695,10.866,15.839,-2.368,-2.368,-2.368,-2.368,-2.368,10.972,10.972,18.187
-2.347,-2.347,-2.347,-2.347,-2.347,10.716,10.866,15.903,-2.368,-2.368,-2.368,-2.368,-2.368,10.972,10.972,18.208
-2.347,-2.347,-2.347,-2.347,-2.347,10.716,10.887,15.903,-2.368,-2.368,-2.368,-2.368,-2.368,10.994,10.994,18.229
-2.347,-2.347,-2.347,-2.347,-2.347,10.716,10.866,15.903,-2.368,-2.368,-2.368,-2.368,-2.368,10.972,10.972,18.208
-2.347,-2.347,-2.347,-2.347,-2.347,10.673,10.844,15.796,-2.368,-2.368,-2.368,-2.368,-2.368,10.951,10.951,18.123
-2.347,-2.347,-2.347,-2.347,-2.347,10.652,10.801,15.796,-2.368,-2.368,-2.368,-2.368,-2.368,10.908,10.908,18.123
-2.347,-2.347,-2.347,-2.347,-2.347,10.652,10.801,15.796,-2.368,-2.368,-2.368,-2.368,-2.368,10.908,10.908,18.123
-2.347,-2.347,-2.347,-2.347,-2.347,10.737,10.908,15.882,-2.368,-2.368,-2.368,-2.368,-2.368,10.994,11.015,18.251
-2.347,-2.347,-2.347,-2.347,-2.347,10.737,10.887,15.882,-2.368,-2.368,-2.368,-2.368,-2.368,10.994,10.994,18.229
-2.347,-2.347,-2.347,-2.347,-2.347,10.716,10.866,15.86,-2.368,-2.368,-2.368,-2.368,-2.368,10.972,10.972,18.208
-2.347,-2.347,-2.347,-2.347,-2.347,10.673,10.844,15.839,-2.368,-2.368,-2.368,-2.368,-2.368,10.951,10.951,18.165
-2.347,-2.347,-2.347,-2.347,-2.347,10.609,10.759,15.689,-2.368,-2.368,-2.368,-2.368,-2.368,10.866,10.887,18.037
-2.347,-2.347,-2.347,-2.347,-2.347,10.588,10.737,15.647,-2.368,-2.368,-2.368,-2.368,-2.368,10.844,10.844,17.973
-2.347,-2.347,-2.347,-2.347,-2.347,10.609,10.759,15.711,-2.368,-2.368,-2.368,-2.368,-2.368,10.866,10.866,18.059
-2.347,-2.347,-2.347,-2.347,-2.347,10.673,10.823,15.796,-2.368,-2.368,-2.368,-2.368,-2.368,10.93,10.951,18.144
-2.347,-2.347,-2.347,-2.347,-2.347,10.695,10.866,15.839,-2.368,-2.368,-2.368,-2.368,-2.368,10.951,10.972,18.187
-2.347,-2.347,-2.347,-2.347,-2.347,10.737,10.908,15.903,-2.368,-2.368,-2.368,-2.368,-2.368,11.015,11.015,18.229
-2.347,-2.347,-2.347,-2.347,-2.347,10.759,10.93,15.903,-2.368,-2.368,-2.368,-2.368,-2.368,11.015,11.015,18.251
-2.347,-2.347,-2.347,-2.347,-2.347,10.737,10.908,15.86,-2.368,-2.368,-2.368,-2.368,-2.368,10.994,11.015,18.208
-2.347,-2.347,-2.347,-2.347,-2.347,10.737,10.908,15.903,-2.368,-2.368,-2.368,-2.368,-2.368,11.015,11.015,18.251
-2.347,-2.347,-2.347,-2.347,-2.347,10.759,10.908,15.882,-2.368,-2.368,-2.368,-2.368,-2.368,11.015,11.015,18.251
-2.347,-2.347,-2.347,-2.347,-2.347,10.759,10.93,15.903,-2.368,-2.368,-2.368,-2.368,-2.368,11.015,11.015,18.229
-2.347,-2.347,-2.347,-2.347,-2.347,10.737,10.908,15.882,-2.368,-2.368,-2.368,-2.368,-2.368,11.015,11.015,18.208
-2.347,-2.347,-2.347,-2.347,-2.347,10.673,10.844,15.796,-2.368,-2.368,-2.368,-2.368,-2.368,10.951,10.951,18.165
-2.347,-2.347,-2.347,-2.347,-2.347,10.716,10.866,15.839,-2.368,-2.368,-2.368,-2.368,-2.368,10.972,10.972,18.208
-2.347,-2.347,-2.347,-2.347,-2.347,10.759,10.908,15.882,-2.368,-2.368,-2.368,-2.368,-2.368,11.015,11.015,18.251
-2.347,-2.347,-2.347,-2.347,-2.347,10.759,10.93,15.882,-2.368,-2.368,-2.368,-2.368,-2.368,11.015,11.015,18.251
-2.347,-2.347,-2.347,-2.347,-2.347,10.759,10.908,15.86,-2.368,-2.368,-2.368,-2.368,-2.368,11.015,11.015,18.251
-2.347,-2.347,-2.347,-2.347,-2.347,10.716,10.887,15.839,-2.368,-2.368,-2.368,-2.368,-2.368,10.972,10.972,18.208
-2.347,-2.347,-2.347,-2.347,-2.347,10.759,10.908,15.882,-2.368,-2.368,-2.368,-2.368,-2.368,11.015,11.015,18.229
-2.347,-2.347,-2.347,-2.347,-2.347,10.759,10.93,15.882,-2.368,-2.368,-2.368,-2.368,-2.368,11.036,11.015,18.251
-2.347,-2.347,-2.347,-2.347,-2.347,10.759,10.908,15.86,-2.368,-2.368,-2.368,-2.368,-2.368,11.015,11.015,18.251
-2.347,-2.347,-2.347,-2.347,-2.347,10.737,10.908,15.86,-2.368,-2.368,-2.368,-2.368,-2.368,11.015,11.015,18.229
-2.347,-2.347,-2.347,-2.347,-2.347,10.759,10.908,15.882,-2.368,-2.368,-2.368,-2.368,-2.368,11.015,11.015,18.251
-2.347,-2.347,-2.347,-2.347,-2.347,10.737,10.908,15.86,-2.368,-2.368,-2.368,-2.368,-2.368,11.015,11.015,18.229
-2.347,-2.347,-2.347,-2.347,-2.347,10.716,10.887,15.839,-2.368,-2.368,-2.368,-2.368,-2.368,10.994,10.994,18.165
-2.347,-2.347,-2.347,-2.347,-2.347,10.695,10.866,15.775,-2.368,-2.368,-2.368,-2.368,-2.368,10.951,10.972,18.187
-2.347,-2.347,-2.347,-2.347,-2.347,10.737,10.908,15.86,-2.368,-2.368,-2.368,-2.368,-2.368,11.015,11.015,18.229
-2.347,-2.347,-2.347,-2.347,-2.347,10.759,10.908,15.882,-2.368,-2.368,-2.368,-2.368,-2.368,11.015,11.015,18.229
-2.347,-2.347,-2.347,-2.347,-2.347,10.652,10.801,15.732,-2.368,-2.368,-2.368,-2.368,-2.368,10.93,10.93,18.101
-2.347,-2.347,-2.347,-2.347,-2.347,10.759,10.93,15.86,-2.368,-2.368,-2.368,-2.368,-2.368,11.036,11.036,18.229
-2.347,-2.347,-2.347,-2.347,-2.347,10.759,10.908,15.86,-2.368,-2.368,-2.368,-2.368,-2.368,11.015,11.015,18.208
-2.347,-2.347,-2.347,-2.347,-2.347,10.759,10.93,15.86,-2.368,-2.368,-2.368,-2.368,-2.368,11.015,11.015,18.208
-2.347,-2.347,-2.347,-2.347,-2.347,10.759,10.908,15.882,-2.368,-2.368,-2.368,-2.368,-2.368,11.015,11.015,18.208
-2.347,-2.347,-2.347,-2.347,-2.347,10.737,10.908,15.86,-2.368,-2.368,-2.368,-2.368,-2.368,10.994,11.015,18.208
-2.347,-2.347,-2.347,-2.347,-2.347,10.759,10.93,15.86,-2.368,-2.368,-2.368,-2.368,-2.368,11.015,11.015,18.208
-2.347,-2.347,-2.347,-2.347,-2.347,10.759,10.908,15.86,-2.368,-2.368,-2.368,-2.368,-2.368,10.994,11.015,18.208
-2.347,-2.347,-2.347,-2.347,-2.347,10.759,10.908,15.86,-2.368,-2.368,-2.368,-2.368,-2.368,11.015,11.015,18.208
-2.347,-2.347,-2.347,-2.347,-2.347,10.759,10.908,15.86,-2.368,-2.368,-2.368,-2.368,-2.368,11.015,11.015,18.229
-2.347,-2.347,-2.347,-2.347,-2.347,10.737,10.908,15.839,-2.368,-2.368,-2.368,-2.368,-2.368,11.015,11.015,18.208
-2.347,-2.347,-2.347,-2.347,-2.347,10.737,10.908,15.86,-2.368,-2.368,-2.368,-2.368,-2.368,11.015,11.015,18.208
-2.347,-2.347,-2.347,-2.347,-2.347,10.759,10.93,15.86,-2.368,-2.368,-2.368,-2.368,-2.368,11.015,11.036,18.208
-2.347,-2.347,-2.347,-2.347,-2.347,10.737,10.908,15.839,-2.368,-2.368,-2.368,-2.368,-2.368,10.994,11.015,18.187
-2.347,-2.347,-2.347,-2.347,-2.347,10.631,10.801,15.647,-2.368,-2.368,-2.368,-2.368,-2.368,10.908,10.908,17.995
-2.347,-2.347,-2.347,-2.347,-2.347,10.716,10.887,15.796,-2.368,-2.368,-2.368,-2.368,-2.368,10.994,10.994,18.165
-2.347,-2.347,-2.347,-2.347,-2.347,10.759,10.908,15.86,-2.368,-2.368,-2.368,-2.368,-2.368,11.015,11.015,18.229
-2.347,-2.347,-2.347,-2.347,-2.347,10.673,10.823,15.753,-2.368,-2.368,-2.368,-2.368,-2.368,10.93,10.951,18.037
-2.347,-2.347,-2.347,-2.347,-2.347,10.716,10.887,15.839,-2.368,-2.368,-2.368,-2.368,-2.368,10.972,10.994,18.165
-2.347,-2.347,-2.347,-2.347,-2.347,10.695,10.866,15.689,-2.368,-2.368,-2.368,-2.368,-2.368,10.972,10.994,18.08
-2.347,-2.347,-2.347,-2.347,-2.347,10.716,10.866,15.818,-2.368,-2.368,-2.368,-2.368,-2.368,10.972,10.972,18.144
-2.347,-2.347,-2.347,-2.347,-2.347,10.652,10.801,15.753,-2.368,-2.368,-2.368,-2.368,-2.368,10.908,10.93,18.08
-2.347,-2.347,-2.347,-2.347,-2.347,10.673,10.823,15.753,-2.368,-2.368,-2.368,-2.368,-2.368,10.93,10.951,18.08
-2.347,-2.347,-2.347,-2.347,-2.347,10.759,10.908,15.86,-2.368,-2.368,-2.368,-2.368,-2.368,11.015,11.036,18.208
-2.347,-2.347,-2.347,-2.347,-2.347,10.759,10.908,15.86,-2.368,-2.368,-2.368,-2.368,-2.368,11.015,11.015,18.229
-2.347,-2.347,-2.347,-2.347,-2.347,10.759,10.908,15.882,-2.368,-2.368,-2.368,-2.368,-2.368,11.015,11.036,18.229
-2.347,-2.347,-2.347,-2.347,-2.347,10.759,10.908,15.86,-2.368,-2.368,-2.368,-2.368,-2.368,11.015,11.015,18.229
-2.347,-2.347,-2.347,-2.347,-2.347,10.759,10.908,15.86,-2.368,-2.368,-2.368,-2.368,-2.368,11.015,11.036,18.229
-2.347,-2.347,-2.347,-2.347,-2.347,10.737,10.908,15.882,-2.368,-2.368,-2.368,-2.368,-2.368,11.015,11.015,18.208
-2.347,-2.347,-2.347,-2.347,-2.347,10.716,10.866,15.818,-2.368,-2.368,-2.368,-2.368,-2.368,10.972,10.994,18.187
-2.347,-2.347,-2.347,-2.347,-2.347,10.716,10.866,15.839,-2.368,-2.368,-2.368,-2.368,-2.368,10.972,10.994,18.165
-2.347,-2.347,-2.347,-2.347,-2.347,10.759,10.93,15.882,-2.368,-2.368,-2.368,-2.368,-2.368,11.015,11.015,18.208
-2.347,-2.347,-2.347,-2.347,-2.347,10.716,10.887,15.818,-2.368,-2.368,-2.368,-2.368,-2.368,10.994,10.994,18.165
-2.347,-2.347,-2.347,-2.347,-2.347,10.737,10.887,15.839,-2.368,-2.368,-2.368,-2.368,-2.368,10.994,11.015,18.187
-2.347,-2.347,-2.347,-2.347,-2.347,10.695,10.844,15.796,-2.368,-2.368,-2.368,-2.368,-2.368,10.93,10.951,18.123
-2.347,-2.347,-2.347,-2.347,-2.347,10.759,10.908,15.839,-2.368,-2.368,-2.368,-2.368,-2.368,11.015,11.015,18.165
-2.347,-2.347,-2.347,-2.347,-2.347,10.759,10.908,15.86,-2.368,-2.368,-2.368,-2.368,-2.368,11.015,11.015,18.187
-2.347,-2.347,-2.347,-2.347,-2.347,10.737,10.887,15.818,-2.368,-2.368,-2.368,-2.368,-2.368,10.994,10.994,18.187
-2.347,-2.347,-2.347,-2.347,-2.347,10.716,10.887,15.796,-2.368,-2.368,-2.368,-2.368,-2.368,10.994,10.994,18.165
-2.347,-2.347,-2.347,-2.347,-2.347,10.737,10.887,15.818,-2.368,-2.368,-2.368,-2.368,-2.368,10.994,10.994,18.123
-2.347,-2.347,-2.347,-2.347,-2.347,10.759,10.93,15.86,-2.368,-2.368,-2.368,-2.368,-2.368,11.015,11.015,18.208
-2.347,-2.347,-2.347,-2.347,-2.347,10.759,10.908,15.86,-2.368,-2.368,-2.368,-2.368,-2.368,11.015,11.015,18.208
-2.347,-2.347,-2.347,-2.347,-2.347,10.759,10.93,15.839,-2.368,-2.368,-2.368,-2.368,-2.368,11.015,11.015,18.208
-2.347,-2.347,-2.347,-2.347,-2.347,10.759,10.908,15.839,-2.368,-2.368,-2.368,-2.368,-2.368,11.015,11.015,18.208
-2.347,-2.347,-2.347,-2.347,-2.347,10.759,10.908,15.839,-2.368,-2.368,-2.368,-2.368,-2.368,11.015,11.015,18.208
-2.347,-2.347,-2.347,-2.347,-2.347,10.737,10.908,15.839,-2.368,-2.368,-2.368,-2.368,-2.368,11.015,11.015,18.208
-2.347,-2.347,-2.347,-2.347,-2.347,10.737,10.908,15.839,-2.368,-2.368,-2.368,-2.368,-2.368,11.015,11.015,18.208
-2.347,-2.347,-2.347,-2.347,-2.347,10.737,10.908,15.839,-2.368,-2.368,-2.368,-2.368,-2.368,11.015,11.015,18.208
-2.347,-2.347,-2.347,-2.347,-2.347,10.737,10.908,15.86,-2.368,-2.368,-2.368,-2.368,-2.368,11.015,11.015,18.208
-2.347,-2.347,-2.347,-2.347,-2.347,10.737,10.908,15.86,-2.368,-2.368,-2.368,-2.368,-2.368,11.015,11.036,18.187
-2.347,-2.347,-2.347,-2.347,-2.347,10.737,10.908,15.86,-2.368,-2.368,-2.368,-2.368,-2.368,11.015,11.015,18.208
-2.347,-2.347,-2.347,-2.347,-2.347,10.737,10.908,15.86,-2.368,-2.368,-2.368,-2.368,-2.368,11.015,11.036,18.187
-2.347,-2.347,-2.347,-2.347,-2.347,10.716,10.887,15.818,-2.368,-2.368,-2.368,-2.368,-2.368,10.994,10.994,18.165
-2.347,-2.347,-2.347,-2.347,-2.347,10.759,10.908,15.86,-2.368,-2.368,-2.368,-2.368,-2.368,11.015,11.036,18.229
-2.347,-2.347,-2.347,-2.347,-2.347,10.737,10.908,15.86,-2.368,-2.368,-2.368,-2.368,-2.368,11.015,11.015,18.208
-2.347,-2.347,-2.347,-2.347,-2.347,10.759,10.908,15.882,-2.368,-2.368,-2.368,-2.368,-2.368,11.015,11.036,18.229
-2.347,-2.347,-2.347,-2.347,-2.347,10.737,10.908,15.86,-2.368,-2.368,-2.368,-2.368,-2.368,11.015,11.036,18.208
-2.347,-2.347,-2.347,-2.347,-2.347,10.759,10.908,15.86,-2.368,-2.368,-2.368,-2.368,-2.368,11.015,11.036,18.208
-2.347,-2.347,-2.347,-2.347,-2.347,10.759,10.908,15.882,-2.368,-2.368,-2.368,-2.368,-2.368,11.015,11.015,18.208
-2.347,-2.347,-2.347,-2.347,-2.347,10.737,10.908,15.86,-2.368,-2.368,-2.368,-2.368,-2.368,11.015,11.015,18.208
-2.347,-2.347,-2.347,-2.347,-2.347,10.737,10.908,15.882,-2.368,-2.368,-2.368,-2.368,-2.368,11.015,11.015,18.208
-2.347,-2.347,-2.347,-2.347,-2.347,10.737,10.908,15.882,-2.368,-2.368,-2.368,-2.368,-2.368,11.015,11.015,18.208
-2.347,-2.347,-2.347,-2.347,-2.347,10.737,10.908,15.882,-2.368,-2.368,-2.368,-2.368,-2.368,11.015,11.015,18.208
-2.347,-2.347,-2.347,-2.347,-2.347,10.759,10.908,15.882,-2.368,-2.368,-2.368,-2.368,-2.368,11.015,11.015,18.208
-2.347,-2.347,-2.347,-2.347,-2.347,10.759,10.93,15.882,-2.368,-2.368,-2.368,-2.368,-2.368,11.036,11.036,18.229
-2.347,-2.347,-2.347,-2.347,-2.347,10.737,10.908,15.86,-2.368,-2.368,-2.368,-2.368,-2.368,11.015,11.015,18.187
-2.347,-2.347,-2.347,-2.347,-2.347,10.759,10.93,15.882,-2.368,-2.368,-2.368,-2.368,-2.368,11.015,11.036,18.208
-2.347,-2.347,-2.347,-2.347,-2.347,10.737,10.908,15.882,-2.368,-2.368,-2.368,-2.368,-2.368,11.015,11.015,18.208
-2.347,-2.347,-2.347,-2.347,-2.347,10.737,10.908,15.882,-2.368,-2.368,-2.368,-2.368,-2.368,11.015,11.015,18.208
-2.347,-2.347,-2.347,-2.347,-2.347,10.737,10.887,15.882,-2.368,-2.368,-2.368,-2.368,-2.368,11.015,11.015,18.208
-2.347,-2.347,-2.347,-2.347,-2.347,10.737,10.908,15.882,-2.368,-2.368,-2.368,-2.368,-2.368,11.015,11.015,18.208
-2.347,-2.347,-2.347,-2.347,-2.347,10.737,10.908,15.903,-2.368,-2.368,-2.368,-2.368,-2.368,11.015,11.015,18.208
-2.347,-2.347,-2.347,-2.347,-2.347,10.759,10.908,15.882,-2.368,-2.368,-2.368,-2.368,-2.368,11.015,11.036,18.208
-2.347,-2.347,-2.347,-2.347,-2.347,10.737,10.908,15.882,-2.368,-2.368,-2.368,-2.368,-2.368,11.015,11.015,18.187
-2.347,-2.347,-2.347,-2.347,-2.347,10.716,10.866,15.86,-2.368,-2.368,-2.368,-2.368,-2.368,10.972,10.972,18.165
-2.347,-2.347,-2.347,-2.347,-2.347,10.737,10.887,15.882,-2.368,-2.368,-2.368,-2.368,-2.368,11.015,11.015,18.187
-2.347,-2.347,-2.347,-2.347,-2.347,10.759,10.908,15.903,-2.368,-2.368,-2.368,-2.368,-2.368,11.015,11.036,18.208
-2.347,-2.347,-2.347,-2.347,-2.347,10.737,10.908,15.882,-2.368,-2.368,-2.368,-2.368,-2.368,11.015,11.015,18.208
-2.347,-2.347,-2.347,-2.347,-2.347,10.737,10.908,15.903,-2.368,-2.368,-2.368,-2.368,-2.368,11.015,11.015,18.208
-2.347,-2.347,-2.347,-2.347,-2.347,10.759,10.908,15.903,-2.368,-2.368,-2.368,-2.368,-2.368,11.015,11.015,18.208
-2.347,-2.347,-2.347,-2.347,-2.347,10.759,10.908,15.903,-2.368,-2.368,-2.368,-2.368,-2.368,11.036,11.015,18.208
-2.347,-2.347,-2.347,-2.347,-2.347,10.759,10.908,15.903,-2.368,-2.368,-2.368,-2.368,-2.368,11.015,11.015,18.208
-2.347,-2.347,-2.347,-2.347,-2.347,10.759,10.908,15.903,-2.368,-2.368,-2.368,-2.368,-2.368,11.015,11.015,18.208
-2.347,-2.347,-2.347,-2.347,-2.347,10.759,10.93,15.903,-2.368,-2.368,-2.368,-2.368,-2.368,11.015,11.015,18.208
-2.347,-2.347,-2.347,-2.347,-2.347,10.652,10.801,15.775,-2.368,-2.368,-2.368,-2.368,-2.368,10.93,10.93,18.08
-2.347,-2.347,-2.347,-2.347,-2.347,10.759,10.908,15.882,-2.368,-2.368,-2.368,-2.368,-2.368,11.015,11.015,18.187
-2.347,-2.347,-2.347,-2.347,-2.347,10.759,10.908,15.903,-2.368,-2.368,-2.368,-2.368,-2.368,11.015,11.015,18.187
-2.347,-2.347,-2.347,-2.347,-2.347,10.759,10.93,15.903,-2.368,-2.368,-2.368,-2.368,-2.368,11.015,11.015,18.208
-2.347,-2.347,-2.347,-2.347,-2.347,10.759,10.908,15.903,-2.368,-2.368,-2.368,-2.368,-2.368,11.015,11.015,18.208
-2.347,-2.347,-2.347,-2.347,-2.347,10.759,10.908,15.903,-2.368,-2.368,-2.368,-2.368,-2.368,11.015,11.015,18.208
-2.347,-2.347,-2.347,-2.347,-2.347,10.759,10.908,15.903,-2.368,-2.368,-2.368,-2.368,-2.368,11.015,11.015,18.187
-2.347,-2.347,-2.347,-2.347,-2.347,10.759,10.908,15.882,-2.368,-2.368,-2.368,-2.368,-2.368,11.015,11.015,18.187
-2.347,-2.347,-2.347,-2.347,-2.347,10.737,10.908,15.882,-2.368,-2.368,-2.368,-2.368,-2.368,10.994,11.015,18.165
-2.347,-2.347,-2.347,-2.347,-2.347,10.759,10.93,15.882,-2.368,-2.368,-2.368,-2.368,-2.368,11.015,11.015,18.187
-2.347,-2.347,-2.347,-2.347,-2.347,10.759,10.93,15.882,-2.368,-2.368,-2.368,-2.368,-2.368,11.015,11.015,18.187
-2.347,-2.347,-2.347,-2.347,-2.347,10.78,10.93,15.903,-2.368,-2.368,-2.368,-2.368,-2.368,11.015,11.015,18.208
-2.347,-2.347,-2.347,-2.347,-2.347,10.695,10.866,15.818,-2.368,-2.368,-2.368,-2.368,-2.368,10.951,10.951,18.123
-2.347,-2.347,-2.347,-2.347,-2.347,10.737,10.908,15.882,-2.368,-2.368,-2.368,-2.368,-2.368,10.994,10.994,18.187
-2.347,-2.347,-2.347,-2.347,-2.347,10.78,10.93,15.882,-2.368,-2.368,-2.368,-2.368,-2.368,11.036,11.036,18.208
-2.347,-2.347,-2.347,-2.347,-2.347,10.759,10.93,15.882,-2.368,-2.368,-2.368,-2.368,-2.368,11.015,11.015,18.208
-2.347,-2.347,-2.347,-2.347,-2.347,10.759,10.908,15.882,-2.368,-2.368,-2.368,-2.368,-2.368,11.015,11.015,18.208
-2.347,-2.347,-2.347,-2.347,-2.347,10.737,10.887,15.86,-2.368,-2.368,-2.368,-2.368,-2.368,11.015,11.015,18.187
-2.347,-2.347,-2.347,-2.347,-2.347,10.759,10.908,15.882,-2.368,-2.368,-2.368,-2.368,-2.368,11.015,11.015,18.208
-2.347,-2.347,-2.347,-2.347,-2.347,10.737,10.908,15.882,-2.368,-2.368,-2.368,-2.368,-2.368,11.015,11.015,18.208
-2.347,-2.347,-2.347,-2.347,-2.347,10.759,10.908,15.903,-2.368,-2.368,-2.368,-2.368,-2.368,11.015,11.015,18.208
-2.347,-2.347,-2.347,-2.347,-2.347,10.759,10.93,15.903,-2.368,-2.368,-2.368,-2.368,-2.368,11.036,11.015,18.208
-2.347,-2.347,-2.347,-2.347,-2.347,10.759,10.908,15.903,-2.368,-2.368,-2.368,-2.368,-2.368,11.015,11.015,18.165
-2.347,-2.347,-2.347,-2.347,-2.347,10.759,10.908,15.903,-2.368,-2.368,-2.368,-2.368,-2.368,11.015,11.015,18.208
-2.347,-2.347,-2.347,-2.347,-2.347,10.759,10.93,15.903,-2.368,-2.368,-2.368,-2.368,-2.368,11.015,11.036,18.208
-2.347,-2.347,-2.347,-2.347,-2.347,10.759,10.93,15.903,-2.368,-2.368,-2.368,-2.368,-2.368,11.036,11.036,18.208
-2.347,-2.347,-2.347,-2.347,-2.347,10.759,10.908,15.903,-2.368,-2.368,-2.368,-2.368,-2.368,11.036,11.036,18.208
-2.347,-2.347,-2.347,-2.347,-2.347,10.759,10.908,15.903,-2.368,-2.368,-2.368,-2.368,-2.368,11.015,11.036,18.229
-2.347,-2.347,-2.347,-2.347,-2.347,10.759,10.908,15.903,-2.368,-2.368,-2.368,-2.368,-2.368,11.015,11.015,18.208
-2.347,-2.347,-2.347,-2.347,-2.347,10.759,10.908,15.903,-2.368,-2.368,-2.368,-2.368,-2.368,11.015,11.015,18.208
-2.347,-2.347,-2.347,-2.347,-2.347,10.759,10.908,15.903,-2.368,-2.368,-2.368,-2.368,-2.368,11.036,11.036,18.208
-2.347,-2.347,-2.347,-2.347,-2.347,10.759,10.908,15.903,-2.368,-2.368,-2.368,-2.368,-2.368,11.015,11.015,18.208
-2.347,-2.347,-2.347,-2.347,-2.347,10.759,10.908,15.903,-2.368,-2.368,-2.368,-2.368,-2.368,11.036,11.015,18.208
-2.347,-2.347,-2.347,-2.347,-2.347,10.759,10.908,15.903,-2.368,-2.368,-2.368,-2.368,-2.368,11.015,11.015,18.208
-2.347,-2.347,-2.347,-2.347,-2.347,10.759,10.93,15.924,-2.368,-2.368,-2.368,-2.368,-2.368,11.015,11.015,18.208
-2.347,-2.347,-2.347,-2.347,-2.347,10.759,10.908,15.903,-2.368,-2.368,-2.368,-2.368,-2.368,11.015,11.015,18.208
-2.347,-2.347,-2.347,-2.347,-2.347,10.78,10.93,15.903,-2.368,-2.368,-2.368,-2.368,-2.368,11.015,11.036,18.208
-2.347,-2.347,-2.347,-2.347,-2.347,10.737,10.908,15.86,-2.368,-2.368,-2.368,-2.368,-2.368,11.015,11.015,18.187
-2.347,-2.347,-2.347,-2.347,-2.347,10.695,10.866,15.839,-2.368,-2.368,-2.368,-2.368,-2.368,10.972,10.972,18.144
-2.347,-2.347,-2.347,-2.347,-2.347,10.737,10.908,15.903,-2.368,-2.368,-2.368,-2.368,-2.368,11.015,11.015,18.208
-2.347,-2.347,-2.347,-2.347,-2.347,10.737,10.908,15.903,-2.368,-2.368,-2.368,-2.368,-2.368,11.015,11.015,18.187
-2.347,-2.347,-2.347,-2.347,-2.347,10.737,10.908,15.903,-2.368,-2.368,-2.368,-2.368,-2.368,10.994,11.015,18.187
-2.347,-2.347,-2.347,-2.347,-2.347,10.737,10.887,15.882,-2.368,-2.368,-2.368,-2.368,-2.368,10.994,10.994,18.187
-2.347,-2.347,-2.347,-2.347,-2.347,10.737,10.908,15.882,-2.368,-2.368,-2.368,-2.368,-2.368,11.015,11.015,18.187
-2.347,-2.347,-2.347,-2.347,-2.347,10.716,10.887,15.903,-2.368,-2.368,-2.368,-2.368,-2.368,11.015,11.015,18.208
-2.347,-2.347,-2.347,-2.347,-2.347,10.737,10.887,15.903,-2.368,-2.368,-2.368,-2.368,-2.368,11.015,11.015,18.208
-2.347,-2.347,-2.347,-2.347,-2.347,10.737,10.908,15.924,-2.368,-2.368,-2.368,-2.368,-2.368,11.015,11.015,18.208
-2.347,-2.347,-2.347,-2.347,-2.347,10.759,10.93,15.946,-2.368,-2.368,-2.368,-2.368,-2.368,11.036,11.036,18.251
-2.347,-2.347,-2.347,-2.347,-2.347,10.759,10.93,15.946,-2.368,-2.368,-2.368,-2.368,-2.368,11.036,11.036,18.229
-2.347,-2.347,-2.347,-2.347,-2.347,10.759,10.93,15.946,-2.368,-2.368,-2.368,-2.368,-2.368,11.036,11.036,18.229
-2.347,-2.347,-2.347,-2.347,-2.347,10.737,10.887,15.903,-2.368,-2.368,-2.368,-2.368,-2.368,11.015,11.015,18.187
-2.347,-2.347,-2.347,-2.347,-2.347,10.737,10.908,15.924,-2.368,-2.368,-2.368,-2.368,-2.368,11.015,11.015,18.208
-2.347,-2.347,-2.347,-2.347,-2.347,10.716,10.866,15.903,-2.368,-2.347,-2.347,-2.368,-2.368,11.058,10.994,18.165
-2.347,-2.347,-2.347,-2.347,-2.347,10.737,10.908,15.924,-2.368,-2.368,-2.368,-2.368,-2.368,11.015,11.015,18.208
-2.347,-2.347,-2.347,-2.347,-2.347,10.737,10.887,15.903,-2.368,-2.368,-2.368,-2.368,-2.368,10.994,10.994,18.208
-2.347,-2.347,-2.347,-2.347,-2.347,10.737,10.887,15.924,-2.368,-2.368,-2.368,-2.368,-2.368,11.015,11.015,18.208
-2.347,-2.347,-2.347,-2.347,-2.347,10.737,10.908,15.924,-2.368,-2.368,-2.368,-2.368,-2.368,11.015,11.015,18.208
-2.347,-2.347,-2.347,-2.347,-2.347,10.759,10.908,15.924,-2.368,-2.368,-2.368,-2.368,-2.368,11.015,11.015,18.208
-2.347,-2.347,-2.347,-2.347,-2.347,10.737,10.908,15.924,-2.368,-2.368,-2.368,-2.368,-2.368,10.994,11.015,18.229
-2.347,-2.347,-2.347,-2.347,-2.347,10.737,10.887,15.903,-2.368,-2.368,-2.368,-2.368,-2.368,10.994,10.994,18.187
-2.347,-2.347,-2.347,-2.347,-2.347,10.737,10.908,15.924,-2.368,-2.368,-2.368,-2.368,-2.368,11.015,11.015,18.208
-2.347,-2.347,-2.347,-2.347,-2.347,10.737,10.908,15.924,-2.368,-2.368,-2.368,-2.368,-2.368,11.015,11.015,18.208
-2.347,-2.347,-2.347,-2.347,-2.347,10.737,10.908,15.946,-2.368,-2.368,-2.368,-2.368,-2.368,11.015,11.015,18.208
-2.347,-2.347,-2.347,-2.347,-2.347,10.759,10.908,15.924,-2.368,-2.368,-2.368,-2.368,-2.368,11.015,11.015,18.229
-2.347,-2.347,-2.347,-2.347,-2.347,10.737,10.908,15.924,-2.368,-2.368,-2.368,-2.368,-2.368,11.015,11.015,18.208
-2.347,-2.347,-2.347,-2.347,-2.347,10.759,10.908,15.924,-2.368,-2.368,-2.368,-2.368,-2.368,11.015,11.015,18.229
-2.347,-2.347,-2.347,-2.347,-2.347,10.737,10.887,15.903,-2.368,-2.368,-2.368,-2.368,-2.368,10.994,11.015,18.208
-2.347,-2.347,-2.347,-2.347,-2.347,10.759,10.908,15.924,-2.368,-2.368,-2.368,-2.368,-2.368,11.015,11.015,18.208
-2.347,-2.347,-2.347,-2.347,-2.347,10.737,10.908,15.924,-2.368,-2.368,-2.368,-2.368,-2.368,10.994,11.015,18.229
-2.347,-2.347,-2.347,-2.347,-2.347,10.737,10.887,15.924,-2.368,-2.368,-2.368,-2.368,-2.368,11.015,11.015,18.208
-2.347,-2.347,-2.347,-2.347,-2.347,10.737,10.908,15.924,-2.368,-2.368,-2.368,-2.368,-2.368,11.015,11.015,18.208
-2.347,-2.347,-2.347,-2.347,-2.347,10.737,10.908,15.924,-2.368,-2.368,-2.368,-2.368,-2.368,11.015,11.015,18.208
-2.347,-2.347,-2.347,-2.347,-2.347,10.737,10.887,15.882,-2.368,-2.368,-2.368,-2.368,-2.368,10.994,11.015,18.187
-2.347,-2.347,-2.347,-2.347,-2.347,10.737,10.908,15.924,-2.368,-2.368,-2.368,-2.368,-2.368,11.015,11.015,18.208
-2.347,-2.347,-2.347,-2.347,-2.347,10.759,10.908,15.924,-2.368,-2.368,-2.368,-2.368,-2.368,11.015,11.015,18.229
-2.347,-2.347,-2.347,-2.347,-2.347,10.759,10.93,15.946,-2.368,-2.368,-2.368,-2.368,-2.368,11.015,11.015,18.229
-2.347,-2.347,-2.347,-2.347,-2.347,10.759,10.908,15.924,-2.368,-2.368,-2.368,-2.368,-2.368,11.015,11.015,18.208
-2.347,-2.347,-2.347,-2.347,-2.347,10.759,10.908,15.924,-2.368,-2.368,-2.368,-2.368,-2.368,11.015,11.015,18.208
-2.347,-2.347,-2.347,-2.347,-2.347,10.759,10.908,15.924,-2.368,-2.368,-2.368,-2.368,-2.368,11.015,11.015,18.208
-2.347,-2.347,-2.347,-2.347,-2.347,10.759,10.908,15.924,-2.368,-2.368,-2.368,-2.368,-2.368,11.015,11.015,18.229
-2.347,-2.347,-2.347,-2.347,-2.347,10.759,10.908,15.946,-2.368,-2.368,-2.368,-2.368,-2.368,11.015,11.015,18.208
-2.347,-2.347,-2.347,-2.347,-2.347,10.759,10.908,15.924,-2.368,-2.368,-2.368,-2.368,-2.368,11.015,11.015,18.208
-2.347,-2.347,-2.347,-2.347,-2.347,10.759,10.908,15.946,-2.368,-2.368,-2.368,-2.368,-2.368,11.015,11.015,18.229
-2.347,-2.347,-2.347,-2.347,-2.347,10.588,10.716,15.327,-2.368,-2.368,-2.368,-2.368,-2.368,10.844,10.866,17.845
-2.347,-2.347,-2.347,-2.347,-2.347,10.673,10.801,15.818,-2.368,-2.368,-2.368,-2.368,-2.368,10.908,10.93,18.08
-2.347,-2.347,-2.347,-2.347,-2.347,10.759,10.908,15.882,-2.368,-2.368,-2.368,-2.368,-2.368,11.015,11.015,18.165
